 Htr/Hrms  H1/Hrms  H2/Hrms  H1/3/Hrms H1/10/Hrms H1/50/Hrms H1/100/Hrms H1/250/Hrms H1/1000/Hrms
  0.01000 44.24503  1.06042    1.27951    1.46663    1.64418     1.70694     1.78150      1.88068
  0.02000 25.41197  1.06042    1.27951    1.46663    1.64418     1.70694     1.78150      1.88068
  0.03000 18.37238  1.06042    1.27951    1.46663    1.64418     1.70694     1.78150      1.88068
  0.04000 14.59535  1.06042    1.27951    1.46663    1.64418     1.70694     1.78150      1.88068
  0.05000 12.20918  1.06042    1.27951    1.46663    1.64418     1.70694     1.78150      1.88068
  0.06000 10.55216  1.06042    1.27951    1.46663    1.64418     1.70694     1.78150      1.88068
  0.07000  9.32790  1.06042    1.27951    1.46663    1.64418     1.70694     1.78150      1.88068
  0.08000  8.38283  1.06042    1.27951    1.46663    1.64418     1.70694     1.78150      1.88068
  0.09000  7.62901  1.06042    1.27951    1.46663    1.64418     1.70694     1.78150      1.88068
  0.10000  7.01233  1.06042    1.27951    1.46663    1.64418     1.70694     1.78150      1.88068
  0.11000  6.49753  1.06042    1.27951    1.46663    1.64418     1.70694     1.78150      1.88068
  0.12000  6.06063  1.06042    1.27951    1.46663    1.64418     1.70694     1.78150      1.88068
  0.13000  5.68471  1.06042    1.27951    1.46663    1.64418     1.70694     1.78150      1.88068
  0.14000  5.35748  1.06042    1.27952    1.46663    1.64419     1.70694     1.78150      1.88068
  0.15000  5.06980  1.06042    1.27952    1.46663    1.64419     1.70694     1.78150      1.88068
  0.16000  4.81469  1.06043    1.27952    1.46663    1.64419     1.70694     1.78150      1.88068
  0.17000  4.58675  1.06043    1.27952    1.46664    1.64419     1.70694     1.78150      1.88068
  0.18000  4.38175  1.06043    1.27952    1.46664    1.64419     1.70694     1.78150      1.88069
  0.19000  4.19627  1.06043    1.27952    1.46664    1.64419     1.70695     1.78150      1.88069
  0.20000  4.02758  1.06043    1.27952    1.46664    1.64420     1.70695     1.78151      1.88069
  0.21000  3.87342  1.06043    1.27953    1.46665    1.64420     1.70695     1.78151      1.88070
  0.22000  3.73193  1.06044    1.27953    1.46665    1.64420     1.70696     1.78152      1.88070
  0.23000  3.60157  1.06044    1.27953    1.46665    1.64421     1.70696     1.78152      1.88071
  0.24000  3.48104  1.06044    1.27954    1.46666    1.64422     1.70697     1.78153      1.88072
  0.25000  3.36922  1.06045    1.27955    1.46667    1.64422     1.70698     1.78154      1.88073
  0.26000  3.26518  1.06046    1.27955    1.46668    1.64423     1.70699     1.78155      1.88074
  0.27000  3.16811  1.06046    1.27956    1.46669    1.64425     1.70700     1.78156      1.88075
  0.28000  3.07732  1.06047    1.27957    1.46670    1.64426     1.70702     1.78158      1.88077
  0.29000  2.99218  1.06048    1.27959    1.46671    1.64428     1.70703     1.78160      1.88079
  0.30000  2.91218  1.06049    1.27960    1.46673    1.64430     1.70705     1.78162      1.88081
  0.31000  2.83685  1.06051    1.27962    1.46675    1.64432     1.70708     1.78164      1.88083
  0.32000  2.76579  1.06053    1.27964    1.46677    1.64434     1.70710     1.78167      1.88086
  0.33000  2.69862  1.06055    1.27966    1.46680    1.64437     1.70714     1.78170      1.88090
  0.34000  2.63503  1.06057    1.27969    1.46683    1.64441     1.70717     1.78174      1.88094
  0.35000  2.57474  1.06059    1.27972    1.46687    1.64445     1.70721     1.78178      1.88098
  0.36000  2.51749  1.06062    1.27975    1.46691    1.64449     1.70726     1.78183      1.88103
  0.37000  2.46304  1.06065    1.27979    1.46695    1.64454     1.70731     1.78188      1.88109
  0.38000  2.41120  1.06069    1.27984    1.46700    1.64460     1.70737     1.78195      1.88116
  0.39000  2.36178  1.06073    1.27989    1.46706    1.64467     1.70744     1.78202      1.88123
  0.40000  2.31461  1.06078    1.27995    1.46713    1.64474     1.70751     1.78210      1.88131
  0.41000  2.26954  1.06083    1.28001    1.46720    1.64482     1.70760     1.78218      1.88141
  0.42000  2.22643  1.06089    1.28008    1.46728    1.64491     1.70769     1.78228      1.88151
  0.43000  2.18515  1.06096    1.28016    1.46737    1.64501     1.70780     1.78239      1.88163
  0.44000  2.14559  1.06103    1.28025    1.46747    1.64512     1.70791     1.78251      1.88175
  0.45000  2.10765  1.06111    1.28034    1.46758    1.64525     1.70804     1.78265      1.88190
  0.46000  2.07122  1.06120    1.28045    1.46770    1.64538     1.70819     1.78280      1.88205
  0.47000  2.03623  1.06129    1.28057    1.46784    1.64554     1.70834     1.78296      1.88223
  0.48000  2.00258  1.06140    1.28070    1.46799    1.64570     1.70851     1.78314      1.88242
  0.49000  1.97021  1.06152    1.28084    1.46815    1.64588     1.70870     1.78334      1.88262
  0.50000  1.93905  1.06165    1.28099    1.46833    1.64608     1.70891     1.78355      1.88285
  0.51000  1.90903  1.06179    1.28116    1.46852    1.64630     1.70914     1.78379      1.88310
  0.52000  1.88009  1.06194    1.28135    1.46873    1.64654     1.70938     1.78405      1.88337
  0.53000  1.85218  1.06211    1.28155    1.46896    1.64679     1.70965     1.78432      1.88367
  0.54000  1.82524  1.06229    1.28176    1.46921    1.64707     1.70994     1.78463      1.88399
  0.55000  1.79924  1.06248    1.28200    1.46948    1.64738     1.71025     1.78496      1.88433
  0.56000  1.77413  1.06269    1.28225    1.46977    1.64770     1.71059     1.78531      1.88471
  0.57000  1.74986  1.06292    1.28253    1.47009    1.64806     1.71096     1.78569      1.88511
  0.58000  1.72640  1.06317    1.28283    1.47043    1.64844     1.71136     1.78611      1.88555
  0.59000  1.70371  1.06343    1.28314    1.47079    1.64885     1.71178     1.78655      1.88602
  0.60000  1.68176  1.06372    1.28349    1.47119    1.64929     1.71224     1.78703      1.88652
  0.61000  1.66052  1.06402    1.28385    1.47161    1.64976     1.71273     1.78754      1.88706
  0.62000  1.63997  1.06434    1.28425    1.47206    1.65026     1.71325     1.78808      1.88763
  0.63000  1.62006  1.06469    1.28467    1.47254    1.65080     1.71381     1.78867      1.88825
  0.64000  1.60078  1.06506    1.28511    1.47305    1.65138     1.71441     1.78929      1.88891
  0.65000  1.58211  1.06546    1.28559    1.47360    1.65199     1.71504     1.78996      1.88961
  0.66000  1.56401  1.06588    1.28610    1.47418    1.65264     1.71572     1.79066      1.89036
  0.67000  1.54647  1.06633    1.28664    1.47480    1.65334     1.71644     1.79141      1.89115
  0.68000  1.52947  1.06680    1.28721    1.47545    1.65407     1.71720     1.79221      1.89199
  0.69000  1.51300  1.06730    1.28781    1.47615    1.65485     1.71801     1.79305      1.89288
  0.70000  1.49702  1.06783    1.28845    1.47688    1.65567     1.71887     1.79394      1.89382
  0.71000  1.48153  1.06839    1.28913    1.47766    1.65654     1.71977     1.79489      1.89481
  0.72000  1.46650  1.06898    1.28984    1.47847    1.65746     1.72072     1.79588      1.89586
  0.73000  1.45193  1.06961    1.29060    1.47933    1.65842     1.72172     1.79693      1.89697
  0.74000  1.43780  1.07026    1.29139    1.48024    1.65944     1.72278     1.79803      1.89813
  0.75000  1.42409  1.07095    1.29222    1.48119    1.66051     1.72389     1.79918      1.89935
  0.76000  1.41079  1.07167    1.29309    1.48219    1.66163     1.72505     1.80040      1.90063
  0.77000  1.39789  1.07243    1.29400    1.48324    1.66280     1.72627     1.80167      1.90198
  0.78000  1.38538  1.07323    1.29496    1.48434    1.66403     1.72755     1.80300      1.90338
  0.79000  1.37324  1.07405    1.29596    1.48548    1.66532     1.72888     1.80440      1.90485
  0.80000  1.36146  1.07492    1.29701    1.48668    1.66666     1.73027     1.80585      1.90639
  0.81000  1.35004  1.07582    1.29810    1.48793    1.66806     1.73173     1.80737      1.90799
  0.82000  1.33895  1.07676    1.29923    1.48923    1.66952     1.73324     1.80895      1.90966
  0.83000  1.32820  1.07774    1.30041    1.49059    1.67104     1.73482     1.81059      1.91140
  0.84000  1.31778  1.07876    1.30164    1.49199    1.67262     1.73646     1.81230      1.91320
  0.85000  1.30766  1.07982    1.30292    1.49346    1.67426     1.73816     1.81408      1.91508
  0.86000  1.29785  1.08091    1.30424    1.49497    1.67596     1.73992     1.81592      1.91702
  0.87000  1.28834  1.08205    1.30561    1.49654    1.67772     1.74175     1.81783      1.91904
  0.88000  1.27911  1.08323    1.30703    1.49817    1.67954     1.74364     1.81981      1.92112
  0.89000  1.27016  1.08444    1.30850    1.49985    1.68143     1.74560     1.82185      1.92328
  0.90000  1.26149  1.08570    1.31001    1.50159    1.68337     1.74762     1.82396      1.92551
  0.91000  1.25307  1.08700    1.31158    1.50338    1.68538     1.74971     1.82614      1.92781
  0.92000  1.24492  1.08833    1.31319    1.50523    1.68746     1.75186     1.82838      1.93018
  0.93000  1.23701  1.08971    1.31485    1.50714    1.68959     1.75408     1.83070      1.93262
  0.94000  1.22934  1.09113    1.31656    1.50910    1.69179     1.75636     1.83308      1.93513
  0.95000  1.22191  1.09258    1.31832    1.51111    1.69405     1.75871     1.83552      1.93772
  0.96000  1.21471  1.09408    1.32013    1.51318    1.69637     1.76112     1.83804      1.94037
  0.97000  1.20773  1.09562    1.32198    1.51531    1.69875     1.76359     1.84062      1.94310
  0.98000  1.20096  1.09719    1.32388    1.51749    1.70120     1.76613     1.84327      1.94589
  0.99000  1.19440  1.09881    1.32583    1.51972    1.70370     1.76873     1.84598      1.94876
  1.00000  1.18805  1.10046    1.32783    1.52201    1.70626     1.77139     1.84876      1.95169
  1.01000  1.18189  1.10215    1.32987    1.52435    1.70889     1.77411     1.85160      1.95469
  1.02000  1.17593  1.10388    1.33195    1.52674    1.71157     1.77690     1.85451      1.95776
  1.03000  1.17015  1.10565    1.33409    1.52918    1.71431     1.77974     1.85748      1.96089
  1.04000  1.16456  1.10745    1.33626    1.53168    1.71711     1.78264     1.86051      1.96409
  1.05000  1.15913  1.10930    1.33848    1.53423    1.71996     1.78561     1.86360      1.96736
  1.06000  1.15388  1.11117    1.34075    1.53682    1.72287     1.78863     1.86675      1.97068
  1.07000  1.14880  1.11308    1.34306    1.53947    1.72583     1.79171     1.86997      1.97407
  1.08000  1.14387  1.11503    1.34540    1.54216    1.72885     1.79484     1.87324      1.97753
  1.09000  1.13910  1.11701    1.34779    1.54490    1.73192     1.79803     1.87656      1.98104
  1.10000  1.13448  1.11903    1.35022    1.54768    1.73505     1.80127     1.87995      1.98461
  1.11000  1.13001  1.12107    1.35269    1.55051    1.73822     1.80456     1.88339      1.98824
  1.12000  1.12568  1.12315    1.35520    1.55339    1.74144     1.80791     1.88688      1.99193
  1.13000  1.12149  1.12526    1.35775    1.55631    1.74472     1.81131     1.89043      1.99567
  1.14000  1.11743  1.12740    1.36033    1.55927    1.74804     1.81476     1.89402      1.99947
  1.15000  1.11350  1.12958    1.36296    1.56228    1.75141     1.81825     1.89767      2.00332
  1.16000  1.10970  1.13178    1.36561    1.56532    1.75482     1.82180     1.90137      2.00723
  1.17000  1.10601  1.13401    1.36825    1.56840    1.75828     1.82539     1.90512      2.01118
  1.18000  1.10245  1.13627    1.37078    1.57153    1.76178     1.82902     1.90891      2.01519
  1.19000  1.09900  1.13855    1.37318    1.57469    1.76532     1.83270     1.91275      2.01924
  1.20000  1.09566  1.14086    1.37547    1.57789    1.76891     1.83642     1.91664      2.02334
  1.21000  1.09243  1.14320    1.37766    1.58112    1.77253     1.84019     1.92057      2.02749
  1.22000  1.08930  1.14557    1.37974    1.58439    1.77620     1.84399     1.92454      2.03168
  1.23000  1.08628  1.14796    1.38172    1.58770    1.77990     1.84784     1.92855      2.03592
  1.24000  1.08335  1.15037    1.38360    1.59103    1.78364     1.85172     1.93260      2.04020
  1.25000  1.08052  1.15280    1.38539    1.59440    1.78742     1.85564     1.93669      2.04452
  1.26000  1.07778  1.15526    1.38710    1.59780    1.79123     1.85960     1.94082      2.04888
  1.27000  1.07512  1.15774    1.38872    1.60123    1.79508     1.86359     1.94499      2.05328
  1.28000  1.07256  1.16024    1.39026    1.60469    1.79896     1.86762     1.94919      2.05771
  1.29000  1.07007  1.16277    1.39173    1.60818    1.80287     1.87168     1.95343      2.06219
  1.30000  1.06767  1.16531    1.39312    1.61169    1.80681     1.87577     1.95770      2.06669
  1.31000  1.06535  1.16787    1.39444    1.61524    1.81078     1.87989     1.96200      2.07124
  1.32000  1.06310  1.17045    1.39570    1.61880    1.81478     1.88404     1.96634      2.07581
  1.33000  1.06093  1.17305    1.39689    1.62240    1.81880     1.88822     1.97070      2.08042
  1.34000  1.05882  1.17566    1.39803    1.62601    1.82286     1.89243     1.97509      2.08506
  1.35000  1.05679  1.17829    1.39910    1.62965    1.82694     1.89667     1.97951      2.08972
  1.36000  1.05482  1.18094    1.40012    1.63331    1.83104     1.90093     1.98396      2.09442
  1.37000  1.05292  1.18360    1.40109    1.63700    1.83517     1.90522     1.98844      2.09914
  1.38000  1.05108  1.18628    1.40200    1.64070    1.83933     1.90953     1.99294      2.10389
  1.39000  1.04930  1.18897    1.40287    1.64443    1.84350     1.91386     1.99746      2.10867
  1.40000  1.04758  1.19168    1.40369    1.64817    1.84770     1.91822     2.00201      2.11347
  1.41000  1.04591  1.19440    1.40447    1.65193    1.85192     1.92260     2.00658      2.11829
  1.42000  1.04430  1.19713    1.40521    1.65571    1.85615     1.92700     2.01117      2.12314
  1.43000  1.04275  1.19988    1.40591    1.65951    1.86041     1.93142     2.01578      2.12801
  1.44000  1.04124  1.20264    1.40657    1.66332    1.86468     1.93585     2.02041      2.13290
  1.45000  1.03979  1.20540    1.40719    1.66715    1.86897     1.94031     2.02506      2.13780
  1.46000  1.03838  1.20818    1.40778    1.67099    1.87328     1.94478     2.02973      2.14273
  1.47000  1.03702  1.21097    1.40834    1.67485    1.87761     1.94927     2.03441      2.14768
  1.48000  1.03570  1.21377    1.40887    1.67872    1.88195     1.95378     2.03912      2.15264
  1.49000  1.03443  1.21658    1.40936    1.68260    1.88630     1.95830     2.04383      2.15762
  1.50000  1.03321  1.21939    1.40983    1.68650    1.89067     1.96283     2.04857      2.16262
  1.51000  1.03202  1.22222    1.41028    1.69041    1.89505     1.96738     2.05331      2.16763
  1.52000  1.03087  1.22505    1.41069    1.69433    1.89944     1.97194     2.05807      2.17265
  1.53000  1.02976  1.22789    1.41108    1.69826    1.90385     1.97651     2.06284      2.17769
  1.54000  1.02869  1.23074    1.41145    1.70219    1.90826     1.98110     2.06763      2.18274
  1.55000  1.02765  1.23360    1.41180    1.70614    1.91269     1.98569     2.07243      2.18781
  1.56000  1.02665  1.23646    1.41213    1.71010    1.91713     1.99030     2.07723      2.19288
  1.57000  1.02569  1.23933    1.41244    1.71395    1.92157     1.99492     2.08205      2.19797
  1.58000  1.02475  1.24220    1.41273    1.71764    1.92603     1.99954     2.08688      2.20306
  1.59000  1.02385  1.24508    1.41300    1.72118    1.93049     2.00417     2.09171      2.20817
  1.60000  1.02298  1.24796    1.41325    1.72457    1.93496     2.00882     2.09656      2.21328
  1.61000  1.02214  1.25085    1.41349    1.72783    1.93944     2.01346     2.10141      2.21841
  1.62000  1.02132  1.25374    1.41372    1.73095    1.94392     2.01812     2.10627      2.22353
  1.63000  1.02054  1.25664    1.41393    1.73394    1.94842     2.02278     2.11114      2.22867
  1.64000  1.01978  1.25954    1.41412    1.73681    1.95291     2.02745     2.11601      2.23382
  1.65000  1.01905  1.26244    1.41431    1.73956    1.95741     2.03212     2.12089      2.23896
  1.66000  1.01834  1.26535    1.41448    1.74219    1.96192     2.03680     2.12577      2.24412
  1.67000  1.01765  1.26826    1.41464    1.74472    1.96643     2.04149     2.13066      2.24928
  1.68000  1.01700  1.27117    1.41479    1.74714    1.97095     2.04617     2.13555      2.25444
  1.69000  1.01636  1.27408    1.41492    1.74946    1.97546     2.05086     2.14044      2.25961
  1.70000  1.01574  1.27700    1.41505    1.75168    1.97999     2.05556     2.14534      2.26478
  1.71000  1.01515  1.27992    1.41517    1.75381    1.98451     2.06025     2.15024      2.26996
  1.72000  1.01458  1.28284    1.41528    1.75585    1.98904     2.06495     2.15515      2.27513
  1.73000  1.01403  1.28576    1.41539    1.75781    1.99356     2.06965     2.16005      2.28031
  1.74000  1.01349  1.28868    1.41548    1.75968    1.99809     2.07436     2.16496      2.28549
  1.75000  1.01298  1.29160    1.41557    1.76147    2.00262     2.07906     2.16987      2.29068
  1.76000  1.01248  1.29452    1.41565    1.76319    2.00716     2.08376     2.17478      2.29586
  1.77000  1.01200  1.29745    1.41572    1.76484    2.01169     2.08847     2.17969      2.30104
  1.78000  1.01154  1.30037    1.41579    1.76641    2.01622     2.09317     2.18460      2.30623
  1.79000  1.01110  1.30329    1.41585    1.76792    2.02075     2.09788     2.18951      2.31141
  1.80000  1.01067  1.30621    1.41591    1.76936    2.02528     2.10258     2.19442      2.31660
  1.81000  1.01025  1.30914    1.41596    1.77075    2.02981     2.10729     2.19933      2.32178
  1.82000  1.00985  1.31206    1.41601    1.77207    2.03434     2.11199     2.20424      2.32696
  1.83000  1.00947  1.31498    1.41605    1.77333    2.03887     2.11669     2.20915      2.33214
  1.84000  1.00910  1.31790    1.41609    1.77455    2.04340     2.12139     2.21405      2.33732
  1.85000  1.00874  1.32082    1.41613    1.77571    2.04792     2.12609     2.21895      2.34249
  1.86000  1.00840  1.32373    1.41616    1.77682    2.05245     2.13078     2.22385      2.34767
  1.87000  1.00806  1.32665    1.41618    1.77788    2.05697     2.13548     2.22875      2.35284
  1.88000  1.00774  1.32956    1.41621    1.77889    2.06148     2.14017     2.23365      2.35800
  1.89000  1.00743  1.33247    1.41623    1.77986    2.06600     2.14485     2.23854      2.36317
  1.90000  1.00714  1.33538    1.41625    1.78079    2.07051     2.14954     2.24343      2.36833
  1.91000  1.00685  1.33829    1.41626    1.78168    2.07502     2.15422     2.24831      2.37349
  1.92000  1.00658  1.34120    1.41628    1.78253    2.07953     2.15890     2.25319      2.37864
  1.93000  1.00631  1.34410    1.41629    1.78334    2.08403     2.16357     2.25807      2.38379
  1.94000  1.00605  1.34700    1.41630    1.78412    2.08852     2.16824     2.26294      2.38893
  1.95000  1.00581  1.34990    1.41630    1.78486    2.09302     2.17290     2.26781      2.39407
  1.96000  1.00557  1.35280    1.41631    1.78557    2.09751     2.17756     2.27268      2.39921
  1.97000  1.00534  1.35569    1.41631    1.78625    2.10199     2.18222     2.27754      2.40434
  1.98000  1.00512  1.35858    1.41632    1.78690    2.10647     2.18687     2.28239      2.40946
  1.99000  1.00491  1.36146    1.41632    1.78752    2.11094     2.19152     2.28724      2.41458
  2.00000  1.00471  1.36435    1.41632    1.78811    2.11528     2.19616     2.29208      2.41969
  2.01000  1.00451  1.36723    1.41631    1.78867    2.11943     2.20079     2.29692      2.42480
  2.02000  1.00433  1.37010    1.41631    1.78921    2.12340     2.20542     2.30175      2.42990
  2.03000  1.00415  1.37298    1.41631    1.78972    2.12720     2.21005     2.30658      2.43500
  2.04000  1.00397  1.37585    1.41630    1.79022    2.13084     2.21467     2.31140      2.44009
  2.05000  1.00381  1.37871    1.41630    1.79068    2.13432     2.21928     2.31622      2.44517
  2.06000  1.00364  1.38157    1.41629    1.79113    2.13765     2.22389     2.32103      2.45025
  2.07000  1.00349  1.38443    1.41628    1.79156    2.14083     2.22849     2.32583      2.45532
  2.08000  1.00334  1.38729    1.41628    1.79197    2.14388     2.23308     2.33062      2.46038
  2.09000  1.00320  1.39014    1.41627    1.79236    2.14679     2.23767     2.33541      2.46544
  2.10000  1.00306  1.39298    1.41626    1.79273    2.14958     2.24226     2.34019      2.47048
  2.11000  1.00293  1.39583    1.41625    1.79308    2.15224     2.24683     2.34497      2.47553
  2.12000  1.00280  1.39867    1.41624    1.79342    2.15479     2.25140     2.34974      2.48056
  2.13000  1.00268  1.40150    1.41623    1.79374    2.15722     2.25596     2.35450      2.48559
  2.14000  1.00257  1.40433    1.41622    1.79405    2.15954     2.26052     2.35925      2.49060
  2.15000  1.00246  1.40716    1.41621    1.79434    2.16177     2.26507     2.36400      2.49562
  2.16000  1.00235  1.40998    1.41620    1.79462    2.16389     2.26953     2.36874      2.50062
  2.17000  1.00224  1.41279    1.41619    1.79488    2.16592     2.27380     2.37347      2.50561
  2.18000  1.00215  1.41561    1.41618    1.79514    2.16786     2.27788     2.37820      2.51060
  2.19000  1.00205  1.41841    1.41617    1.79538    2.16971     2.28177     2.38291      2.51558
  2.20000  1.00196  1.42122    1.41616    1.79561    2.17147     2.28549     2.38762      2.52055
  2.21000  1.00187  1.42402    1.41615    1.79583    2.17316     2.28904     2.39233      2.52552
  2.22000  1.00179  1.42681    1.41614    1.79604    2.17477     2.29243     2.39702      2.53047
  2.23000  1.00171  1.42960    1.41613    1.79623    2.17630     2.29567     2.40171      2.53542
  2.24000  1.00163  1.43238    1.41612    1.79642    2.17777     2.29876     2.40638      2.54036
  2.25000  1.00156  1.43516    1.41610    1.79660    2.17917     2.30171     2.41105      2.54529
  2.26000  1.00149  1.43794    1.41609    1.79677    2.18050     2.30452     2.41572      2.55021
  2.27000  1.00142  1.44071    1.41608    1.79694    2.18178     2.30721     2.42037      2.55512
  2.28000  1.00136  1.44347    1.41607    1.79709    2.18299     2.30977     2.42502      2.56003
  2.29000  1.00129  1.44623    1.41606    1.79724    2.18415     2.31221     2.42965      2.56492
  2.30000  1.00123  1.44899    1.41605    1.79738    2.18525     2.31454     2.43428      2.56981
  2.31000  1.00118  1.45174    1.41604    1.79751    2.18630     2.31676     2.43890      2.57469
  2.32000  1.00112  1.45449    1.41603    1.79764    2.18731     2.31888     2.44352      2.57956
  2.33000  1.00107  1.45723    1.41602    1.79776    2.18826     2.32090     2.44812      2.58442
  2.34000  1.00102  1.45996    1.41601    1.79787    2.18917     2.32282     2.45272      2.58927
  2.35000  1.00097  1.46269    1.41601    1.79798    2.19004     2.32465     2.45731      2.59412
  2.36000  1.00093  1.46542    1.41600    1.79808    2.19087     2.32640     2.46182      2.59895
  2.37000  1.00088  1.46814    1.41599    1.79818    2.19165     2.32806     2.46612      2.60378
  2.38000  1.00084  1.47086    1.41598    1.79827    2.19240     2.32965     2.47022      2.60859
  2.39000  1.00080  1.47357    1.41597    1.79836    2.19311     2.33115     2.47412      2.61340
  2.40000  1.00076  1.47627    1.41596    1.79845    2.19379     2.33259     2.47784      2.61820
  2.41000  1.00073  1.47897    1.41595    1.79853    2.19444     2.33395     2.48138      2.62299
  2.42000  1.00069  1.48167    1.41595    1.79860    2.19505     2.33526     2.48475      2.62777
  2.43000  1.00066  1.48436    1.41594    1.79867    2.19564     2.33649     2.48795      2.63254
  2.44000  1.00063  1.48705    1.41593    1.79874    2.19619     2.33767     2.49100      2.63730
  2.45000  1.00060  1.48973    1.41592    1.79881    2.19672     2.33879     2.49391      2.64206
  2.46000  1.00057  1.49240    1.41592    1.79887    2.19722     2.33986     2.49667      2.64680
  2.47000  1.00054  1.49507    1.41591    1.79892    2.19770     2.34087     2.49929      2.65154
  2.48000  1.00051  1.49774    1.41590    1.79898    2.19816     2.34183     2.50179      2.65626
  2.49000  1.00049  1.50040    1.41590    1.79903    2.19859     2.34275     2.50416      2.66098
  2.50000  1.00046  1.50305    1.41589    1.79908    2.19900     2.34362     2.50641      2.66569
  2.51000  1.00044  1.50570    1.41588    1.79913    2.19939     2.34444     2.50856      2.67039
  2.52000  1.00042  1.50835    1.41588    1.79917    2.19976     2.34523     2.51060      2.67508
  2.53000  1.00040  1.51099    1.41587    1.79921    2.20011     2.34597     2.51253      2.67976
  2.54000  1.00038  1.51362    1.41587    1.79925    2.20044     2.34668     2.51437      2.68444
  2.55000  1.00036  1.51625    1.41586    1.79929    2.20076     2.34736     2.51611      2.68910
  2.56000  1.00034  1.51888    1.41586    1.79933    2.20106     2.34799     2.51777      2.69375
  2.57000  1.00032  1.52150    1.41585    1.79936    2.20135     2.34860     2.51935      2.69840
  2.58000  1.00031  1.52411    1.41585    1.79939    2.20162     2.34918     2.52084      2.70304
  2.59000  1.00029  1.52672    1.41584    1.79942    2.20187     2.34972     2.52226      2.70766
  2.60000  1.00028  1.52932    1.41584    1.79945    2.20212     2.35024     2.52360      2.71228
  2.61000  1.00026  1.53192    1.41583    1.79948    2.20235     2.35073     2.52488      2.71689
  2.62000  1.00025  1.53452    1.41583    1.79950    2.20257     2.35120     2.52609      2.72149
  2.63000  1.00024  1.53711    1.41582    1.79953    2.20278     2.35164     2.52723      2.72608
  2.64000  1.00022  1.53969    1.41582    1.79955    2.20297     2.35206     2.52832      2.73053
  2.65000  1.00021  1.54227    1.41582    1.79957    2.20316     2.35245     2.52935      2.73474
  2.66000  1.00020  1.54484    1.41581    1.79959    2.20334     2.35283     2.53033      2.73873
  2.67000  1.00019  1.54741    1.41581    1.79961    2.20350     2.35319     2.53126      2.74251
  2.68000  1.00018  1.54998    1.41581    1.79963    2.20366     2.35352     2.53214      2.74610
  2.69000  1.00017  1.55254    1.41580    1.79965    2.20381     2.35384     2.53297      2.74949
  2.70000  1.00016  1.55509    1.41580    1.79966    2.20395     2.35415     2.53375      2.75271
  2.71000  1.00015  1.55764    1.41580    1.79968    2.20409     2.35443     2.53450      2.75575
  2.72000  1.00015  1.56019    1.41579    1.79969    2.20422     2.35471     2.53520      2.75864
  2.73000  1.00014  1.56273    1.41579    1.79971    2.20434     2.35496     2.53587      2.76137
  2.74000  1.00013  1.56526    1.41579    1.79972    2.20445     2.35521     2.53651      2.76395
  2.75000  1.00012  1.56779    1.41579    1.79973    2.20456     2.35544     2.53710      2.76640
  2.76000  1.00012  1.57032    1.41578    1.79974    2.20466     2.35565     2.53767      2.76871
  2.77000  1.00011  1.57284    1.41578    1.79975    2.20476     2.35586     2.53820      2.77090
  2.78000  1.00010  1.57535    1.41578    1.79976    2.20485     2.35605     2.53871      2.77296
  2.79000  1.00010  1.57787    1.41578    1.79977    2.20493     2.35624     2.53919      2.77492
  2.80000  1.00009  1.58037    1.41578    1.79978    2.20501     2.35641     2.53964      2.77677
  2.81000  1.00009  1.58287    1.41577    1.79979    2.20509     2.35657     2.54007      2.77852
  2.82000  1.00008  1.58537    1.41577    1.79980    2.20516     2.35673     2.54047      2.78017
  2.83000  1.00008  1.58786    1.41577    1.79980    2.20523     2.35688     2.54085      2.78173
  2.84000  1.00007  1.59035    1.41577    1.79981    2.20530     2.35701     2.54122      2.78320
  2.85000  1.00007  1.59283    1.41577    1.79982    2.20536     2.35715     2.54156      2.78460
  2.86000  1.00007  1.59531    1.41576    1.79982    2.20542     2.35727     2.54188      2.78591
  2.87000  1.00006  1.59778    1.41576    1.79983    2.20547     2.35738     2.54218      2.78715
  2.88000  1.00006  1.60025    1.41576    1.79984    2.20552     2.35749     2.54247      2.78832
  2.89000  1.00006  1.60272    1.41576    1.79984    2.20557     2.35760     2.54274      2.78943
  2.90000  1.00005  1.60518    1.41576    1.79985    2.20562     2.35770     2.54299      2.79047
  2.91000  1.00005  1.60763    1.41576    1.79985    2.20566     2.35779     2.54323      2.79146
  2.92000  1.00005  1.61008    1.41576    1.79985    2.20570     2.35788     2.54346      2.79238
  2.93000  1.00004  1.61253    1.41576    1.79986    2.20574     2.35796     2.54367      2.79326
  2.94000  1.00004  1.61497    1.41575    1.79986    2.20577     2.35803     2.54388      2.79408
  2.95000  1.00004  1.61741    1.41575    1.79987    2.20581     2.35811     2.54407      2.79486
  2.96000  1.00004  1.61984    1.41575    1.79987    2.20584     2.35818     2.54424      2.79560
  2.97000  1.00003  1.62227    1.41575    1.79987    2.20587     2.35824     2.54441      2.79629
  2.98000  1.00003  1.62469    1.41575    1.79988    2.20590     2.35830     2.54457      2.79694
  2.99000  1.00003  1.62711    1.41575    1.79988    2.20593     2.35836     2.54472      2.79755
  3.00000  1.00003  1.62952    1.41575    1.79988    2.20595     2.35841     2.54486      2.79813
  3.01000  1.00003  1.63193    1.41575    1.79988    2.20597     2.35846     2.54500      2.79867
  3.02000  1.00003  1.63434    1.41575    1.79989    2.20600     2.35851     2.54512      2.79918
  3.03000  1.00002  1.63674    1.41575    1.79989    2.20602     2.35856     2.54524      2.79966
  3.04000  1.00002  1.63914    1.41575    1.79989    2.20604     2.35860     2.54535      2.80012
  3.05000  1.00002  1.64153    1.41575    1.79989    2.20606     2.35864     2.54545      2.80054
  3.06000  1.00002  1.64392    1.41575    1.79989    2.20607     2.35868     2.54555      2.80094
  3.07000  1.00002  1.64631    1.41574    1.79989    2.20609     2.35871     2.54564      2.80132
  3.08000  1.00002  1.64869    1.41574    1.79990    2.20610     2.35874     2.54573      2.80168
  3.09000  1.00002  1.65106    1.41574    1.79990    2.20612     2.35878     2.54581      2.80201
  3.10000  1.00002  1.65343    1.41574    1.79990    2.20613     2.35880     2.54589      2.80232
  3.11000  1.00001  1.65580    1.41574    1.79990    2.20615     2.35883     2.54596      2.80262
  3.12000  1.00001  1.65816    1.41574    1.79990    2.20616     2.35886     2.54603      2.80289
  3.13000  1.00001  1.66052    1.41574    1.79990    2.20617     2.35888     2.54609      2.80315
  3.14000  1.00001  1.66288    1.41574    1.79990    2.20618     2.35891     2.54615      2.80340
  3.15000  1.00001  1.66523    1.41574    1.79990    2.20619     2.35893     2.54620      2.80362
  3.16000  1.00001  1.66758    1.41574    1.79991    2.20620     2.35895     2.54626      2.80384
  3.17000  1.00001  1.66992    1.41574    1.79991    2.20621     2.35897     2.54631      2.80404
  3.18000  1.00001  1.67226    1.41574    1.79991    2.20622     2.35898     2.54635      2.80423
  3.19000  1.00001  1.67459    1.41574    1.79991    2.20622     2.35900     2.54640      2.80441
  3.20000  1.00001  1.67692    1.41574    1.79991    2.20623     2.35901     2.54644      2.80458
  3.21000  1.00001  1.67925    1.41574    1.79991    2.20624     2.35903     2.54647      2.80473
  3.22000  1.00001  1.68157    1.41574    1.79991    2.20624     2.35904     2.54651      2.80488
  3.23000  1.00001  1.68389    1.41574    1.79991    2.20625     2.35906     2.54654      2.80502
  3.24000  1.00001  1.68621    1.41574    1.79991    2.20625     2.35907     2.54658      2.80514
  3.25000  1.00001  1.68852    1.41574    1.79991    2.20626     2.35908     2.54660      2.80526
  3.26000  1.00001  1.69082    1.41574    1.79991    2.20626     2.35909     2.54663      2.80538
  3.27000  1.00001  1.69313    1.41574    1.79991    2.20627     2.35910     2.54666      2.80548
  3.28000  1.00000  1.69542    1.41574    1.79991    2.20627     2.35911     2.54668      2.80558
  3.29000  1.00000  1.69772    1.41574    1.79991    2.20628     2.35912     2.54670      2.80568
  3.30000  1.00000  1.70001    1.41574    1.79991    2.20628     2.35913     2.54673      2.80576
  3.31000  1.00000  1.70230    1.41574    1.79991    2.20628     2.35913     2.54675      2.80584
  3.32000  1.00000  1.70458    1.41574    1.79991    2.20629     2.35914     2.54676      2.80592
  3.33000  1.00000  1.70686    1.41574    1.79991    2.20629     2.35915     2.54678      2.80599
  3.34000  1.00000  1.70914    1.41574    1.79991    2.20629     2.35915     2.54680      2.80606
  3.35000  1.00000  1.71141    1.41574    1.79991    2.20630     2.35916     2.54681      2.80612
  3.36000  1.00000  1.71368    1.41574    1.79992    2.20630     2.35916     2.54683      2.80618
  3.37000  1.00000  1.71594    1.41574    1.79992    2.20630     2.35917     2.54684      2.80623
  3.38000  1.00000  1.71820    1.41574    1.79992    2.20630     2.35917     2.54685      2.80628
  3.39000  1.00000  1.72046    1.41574    1.79992    2.20631     2.35918     2.54686      2.80633
  3.40000  1.00000  1.72271    1.41574    1.79992    2.20631     2.35918     2.54688      2.80638
  3.41000  1.00000  1.72496    1.41574    1.79992    2.20631     2.35919     2.54689      2.80642
  3.42000  1.00000  1.72721    1.41574    1.79992    2.20631     2.35919     2.54690      2.80646
  3.43000  1.00000  1.72945    1.41574    1.79992    2.20631     2.35919     2.54690      2.80649
  3.44000  1.00000  1.73169    1.41574    1.79992    2.20631     2.35920     2.54691      2.80653
  3.45000  1.00000  1.73393    1.41574    1.79992    2.20632     2.35920     2.54692      2.80656
  3.46000  1.00000  1.73616    1.41574    1.79992    2.20632     2.35920     2.54693      2.80659
  3.47000  1.00000  1.73839    1.41574    1.79992    2.20632     2.35920     2.54693      2.80661
  3.48000  1.00000  1.74061    1.41574    1.79992    2.20632     2.35921     2.54694      2.80664
  3.49000  1.00000  1.74283    1.41574    1.79992    2.20632     2.35921     2.54695      2.80666
  3.50000  1.00000  1.74505    1.41574    1.79992    2.20632     2.35921     2.54695      2.80669
